[-0.993343, 0.115195, 408.495]
[-0.985092, -0.172028, 520.636]
[-0.401794, -0.91573, 553.613]
[-0.954517, 0.298155, 316.872]
[0.488942, -0.872317, 128.103]
[-0.961518, -0.274744, 551.293]
[-0.602105, -0.798417, 598.017]
[0.542495, -0.840059, 90.5554]
[-0.449213, -0.893425, 566.331]
[0.36713, -0.93017, 207.246]
[-0.655041, -0.755593, 604.98]
[-0.980246, -0.197782, 528.81]
[-0.998312, 0.0580852, 433.82]
[-0.577498, -0.816392, 594.001]
[0.55745, -0.830211, 79.7308]
[-0.509959, -0.860199, 580.745]
[-0.97137, -0.237571, 540.803]
[0.0794792, -0.996837, 365.907]
[-0.98404, -0.17795, 522.544]
[-0.896773, 0.44249, 232.171]
[0.539896, -0.841732, 92.4211]
[0.506146, -0.862448, 116.24]
[0.432181, -0.901787, 165.996]
[-0.998552, -0.0537985, 479.085]
[0.321268, -0.946988, 235.041]
[0.477492, -0.878636, 135.898]
[-0.941635, 0.336635, 295.441]
[-0.915255, 0.402875, 256.624]
[-0.577721, -0.816234, 594.039]
[0.435241, -0.900314, 164]
[0.639737, -0.768594, 17.1726]
[-0.981134, 0.193328, 371.37]
[-0.968513, -0.248964, 544.092]
[0.359585, -0.933112, 211.89]
[-0.968148, -0.250379, 544.496]
[-0.982898, -0.184151, 524.523]
[-0.289969, -0.957036, 519.064]
[0.65846, -0.752616, 2.14833]
[-0.965826, -0.259192, 546.99]
[-0.961369, -0.275262, 551.434]
[0.44473, -0.895665, 157.777]
[-0.87389, 0.486124, 204.079]
[-0.730812, 0.682578, 59.258]
[-0.829178, 0.558985, 154.194]
[0.626679, -0.779277, 27.465]
[0.661216, -0.750195, -0.0912659]
[0.671545, -0.740964, -8.54766]
[0.661838, -0.749647, -0.597636]
[-0.480185, -0.877167, 573.956]
[-0.999933, 0.0115379, 453.349]
[-0.363052, -0.931769, 542.341]
[-0.927798, 0.373083, 274.393]
[-0.280583, -0.95983, 515.893]
[-0.99676, 0.0804311, 424.091]
[-0.969433, -0.245357, 543.058]
[-0.99442, -0.105498, 498.058]
[-0.997664, -0.0683128, 484.536]
[-0.443815, -0.896118, 564.946]
[-0.842929, 0.538025, 168.952]
[-0.967301, -0.25363, 545.42]
[-0.99589, -0.0905756, 492.708]
[-0.982953, -0.183858, 524.43]
[-0.381871, -0.924216, 547.913]
[-0.920009, 0.391897, 263.232]
[-0.868801, 0.495162, 198.101]
[-0.736747, 0.676168, 64.5635]
[-0.962152, -0.272514, 550.683]
[-0.987164, -0.15971, 516.613]
[-0.526332, -0.850279, 584.241]
[-0.758708, 0.651431, 84.6059]
[0.685245, -0.728313, -19.9289]
[-0.961867, 0.273517, 330.181]
[-0.780883, 0.624677, 105.561]
[-0.962498, -0.271288, 550.347]
[-0.801789, 0.597607, 126.061]
[0.378553, -0.92558, 200.162]
[-0.843474, 0.53717, 169.546]
[-0.968448, -0.249215, 544.164]
[0.454471, -0.890761, 151.336]
[0.595143, -0.80362, 51.7344]
[0.67322, -0.739442, -9.92896]
[-0.968402, -0.249394, 544.215]
[-0.799355, 0.60086, 123.634]
[0.243248, -0.969964, 280.049]
[0.566898, -0.823788, 72.811]
[-0.345793, -0.938311, 537.076]
[-0.71388, -0.700268, 609.602]
[-0.985222, -0.17128, 520.394]
[-0.996175, -0.0873826, 491.55]
[-0.995847, -0.09104, 492.876]
[-0.571675, -0.82048, 592.983]
[-0.979379, 0.20203, 367.054]
[-0.337511, -0.941321, 534.498]
[-0.619922, -0.784664, 600.627]
[0.68431, -0.729191, -19.1463]
[-0.819551, 0.573007, 144.125]
[0.531911, -0.8468, 98.1236]
[-0.960871, 0.276997, 328.32]
[-0.482727, -0.875771, 574.556]
[-0.39844, -0.917194, 552.668]
[-0.92555, -0.378625, 576.744]
[-0.375395, -0.926865, 546.016]
[0.437618, -0.899161, 162.445]
[-0.978669, -0.205444, 531.18]
[-0.994196, -0.107584, 498.797]
[-0.3033, -0.952895, 523.499]
[-0.995084, -0.0990375, 495.754]
[0.657233, -0.753687, 3.14273]
[0.672353, -0.740231, -9.21363]
[0.519779, -0.854301, 106.708]
[-0.987894, -0.155129, 515.099]
[-0.990962, -0.13414, 508.034]
[0.662832, -0.748768, -1.40696]
[-0.378128, -0.925753, 546.819]
[0.583138, -0.812373, 60.7659]
[-0.908721, -0.417404, 584.686]
[-0.993257, 0.115933, 408.158]
[-0.976428, -0.215842, 534.35]
[0.682107, -0.731252, -17.3052]
[-0.988305, -0.15249, 514.222]
[-0.6599, -0.751353, 605.495]
[0.678055, -0.735011, -13.9322]
[0.213762, -0.976886, 296.348]
[-0.998476, -0.0551796, 479.608]
[-0.44633, -0.894868, 565.593]
[-0.809355, 0.58732, 133.678]
[-0.801559, 0.597916, 125.831]
[-0.80346, -0.595358, 608.293]
[-0.828305, 0.560277, 153.272]
[-0.968172, -0.250287, 544.47]
[-0.34033, -0.940306, 535.379]
[-0.32659, -0.945166, 531.047]
[-0.790291, 0.612732, 114.69]
[-0.315559, -0.948906, 527.504]
[-0.991752, -0.128169, 505.986]
[-0.2817, -0.959503, 516.272]
[-0.97845, -0.206484, 531.5]
[-0.892348, 0.451349, 226.568]
[-0.96126, -0.275644, 551.538]
[-0.987894, -0.155129, 515.099]
[0.492672, -0.870215, 125.547]
[-0.982257, -0.187538, 525.597]
[-0.577236, -0.816577, 593.955]
[-0.642555, -0.766239, 603.558]
[-0.472918, -0.881106, 572.217]
[-0.824068, 0.566491, 148.824]
[0.681824, -0.731516, -17.0693]
[-0.256499, -0.966544, 507.571]
[-0.991975, -0.126437, 505.388]
[-0.993598, -0.112973, 500.698]
[-0.961347, -0.27534, 551.455]
[0.709653, -0.704551, -40.6983]
[0.656034, -0.754731, 4.11305]
[-0.996222, -0.0868402, 491.353]
[-0.999587, 0.028738, 446.248]
[0.673217, -0.739445, -9.92681]
[0.647956, -0.761678, 10.6167]
[0.209765, -0.977752, 298.529]
[-0.980958, -0.194219, 527.698]
[-0.470467, -0.882417, 571.624]
[-0.903544, -0.428496, 586.791]
[0.524707, -0.851283, 103.233]
[-0.880067, 0.47485, 211.459]
[-0.993933, -0.109983, 499.645]
[-0.887271, 0.461248, 220.248]
[0.667381, -0.744717, -5.12572]
[-0.998202, -0.0599339, 481.401]
[-0.94057, 0.339599, 293.757]
[-0.854246, 0.519869, 181.462]
[-0.999918, -0.0127882, 463.16]
[-0.964077, 0.265622, 334.38]
[-0.488451, -0.872592, 575.895]
[-0.749489, 0.662016, 76.1114]
[-0.276087, -0.961133, 514.359]
[-0.974644, -0.223761, 536.729]
[-0.957555, -0.288251, 554.929]
[-0.966432, -0.256924, 546.352]
[-0.397527, -0.917591, 552.41]
[-0.960694, -0.277609, 552.072]
[-0.99667, -0.0815456, 489.421]
[0.76073, -0.649068, -86.4857]
[0.663605, -0.748083, -2.03753]
[-0.62903, -0.777381, 601.86]
[-0.995606, -0.093642, 493.816]
[-0.989513, -0.144446, 511.529]
[-0.326191, -0.945304, 530.92]
[-0.200823, -0.979627, 487.35]
[-0.819746, -0.572727, 606.619]
[-0.990486, -0.137612, 509.217]
[-0.998663, -0.0516908, 478.285]
[-0.992226, -0.12445, 504.702]
[-0.361487, -0.932377, 541.87]
[-0.962326, -0.271899, 550.515]
[-0.998188, -0.0601749, 481.492]
[-0.822297, 0.569059, 146.976]
[0.489536, -0.871983, 127.697]
[-0.910462, -0.413594, 583.945]
[-0.778493, 0.627653, 103.265]
[-0.681111, -0.73218, 607.472]
[-0.999154, -0.0411205, 474.244]
[-0.9588, -0.284083, 553.817]
[0.290814, -0.95678, 252.941]
[-0.958355, -0.28558, 554.217]
[-0.87322, 0.487327, 203.287]
[-0.683204, -0.730228, 607.643]
[-0.984667, -0.174445, 521.417]
[-0.0100629, -0.999949, 408.176]
[-0.226652, -0.973976, 496.899]
[-0.967305, -0.253616, 545.417]
[-0.777713, 0.62862, 102.517]
[-0.724697, 0.689068, 53.8381]
[-0.976003, -0.217757, 534.928]
[-0.322025, -0.946731, 529.588]
[-0.917577, -0.397557, 580.733]
[0.677056, -0.735932, -13.1027]
[0.269044, -0.963128, 265.475]
[-0.993838, -0.110841, 499.948]
[-0.440971, -0.897521, 564.209]
[-0.544193, -0.83896, 587.854]
[-0.41738, -0.908732, 557.928]
[0.647406, -0.762145, 11.0571]
[-0.609539, -0.792756, 599.137]
[-0.966373, -0.257145, 546.414]
[-0.991064, -0.133385, 507.775]
[-0.998757, -0.0498382, 477.581]
[-0.981342, -0.192272, 527.088]
[-0.964077, 0.265622, 334.38]
[-0.956712, -0.291038, 555.667]
[-0.997633, -0.0687566, 484.701]
[-0.993433, -0.114419, 501.206]
[-0.961787, -0.273797, 551.034]
[-0.610345, -0.792135, 599.256]
[-0.238038, -0.971256, 501.017]
[-0.999575, -0.0291554, 469.608]
[-0.963931, -0.266151, 548.93]
[-0.960666, -0.277707, 552.098]
[0.717034, -0.697038, -47.1114]
[-0.999842, -0.0178014, 465.148]
[-0.955893, -0.293714, 556.373]
[-0.799863, 0.600182, 124.14]
[-0.507701, -0.861533, 580.249]
[-0.999868, 0.0162575, 451.414]
[-0.450028, 0.893014, -154.28]
[-0.99555, -0.0942375, 494.031]
[-0.980536, -0.196337, 528.36]
[0.00217683, 0.999998, -404.584]
[0.753934, -0.65695, -80.1919]
[-0.942063, 0.335435, 296.121]
[-0.988913, -0.148497, 512.889]
[-0.564916, -0.825149, 591.771]
