38 140
501 240
46 54
94 47
431 252
37 47
585 212
529 171
593 211
162 57
56 209
127 242
83 77
67 227
591 208
102 235
240 45
59 218
31 45
537 221
539 220
118 79
58 205
185 81
230 53
73 44
565 107
588 250
60 48
176 82
232 32
183 82
122 244
36 191
190 82
547 107
101 240
443 244
35 56
172 125
144 229
97 69
67 222
44 192
167 247
189 247
524 248
174 196
172 196
144 242
78 49
34 197
84 49
93 239
103 223
168 192
32 198
479 277
527 233
549 232
101 225
537 225
90 44
482 251
73 227
545 183
79 227
77 44
546 252
228 63
543 279
525 227
192 82
233 36
103 229
583 259
69 39
142 244
550 261
48 60
534 231
50 172
123 31
168 245
140 246
599 249
247 277
594 208
118 196
125 33
42 241
431 195
487 237
33 101
69 232
181 93
540 183
241 54
510 271
206 249
132 126
48 85
38 195
434 254
535 183
59 200
40 59
252 47
460 126
546 252
536 220
126 241
228 61
94 46
37 46
171 194
144 241
531 223
48 60
78 44
168 192
68 45
102 228
100 224
432 252
240 44
229 52
526 232
171 124
525 226
97 69
103 223
91 43
69 39
84 48
442 243
536 225
534 230
591 207
546 183
82 78
58 219
182 246
184 80
102 235
546 262
182 81
175 82
190 81
189 247
57 204
144 229
170 144
548 232
543 277
51 49
60 48
529 171
524 235
174 195
168 244
44 190
523 248
109 224
478 276
100 240
474 279
180 92
535 182
585 212
537 213
166 247
45 54
67 222
549 260
192 247
482 250
512 274
122 243
252 46
172 142
464 216
70 130
128 81
412 258
459 124
540 183
398 271
538 282
592 211
246 277
55 208
38 140
48 85
537 272
470 274
560 84
565 85
138 246
180 92
169 144
103 223
129 82
100 223
181 246
547 250
545 184
535 220
528 171
95 46
172 142
463 217
67 46
443 243
60 47
482 250
59 220
122 243
473 277
504 204
67 221
103 226
48 60
174 82
525 228
142 240
432 252
190 80
182 80
535 181
125 240
100 239
534 228
227 61
535 224
82 77
144 230
547 263
532 223
228 51
171 194
171 125
527 233
96 70
396 267
253 44
548 233
167 191
524 236
56 205
69 64
545 233
165 246
69 231
413 257
459 123
544 276
512 273
70 131
432 198
398 270
174 194
547 84
479 275
70 89
141 227
531 213
192 247
132 126
246 277
491 246
586 211
125 83
538 252
535 210
544 248
463 217
186 250
67 222
103 224
475 278
533 224
540 276
540 279
533 228
533 219
171 141
96 70
171 191
535 179
101 236
81 77
124 238
143 240
442 241
542 183
171 124
504 203
183 79
226 62
127 81
527 172
172 81
459 122
432 252
69 65
482 250
523 235
549 107
179 91
546 262
544 274
145 229
416 260
139 226
546 233
399 271
70 89
191 247
412 257
100 221
70 131
69 62
58 219
122 243
124 82
55 53
407 257
323 302
395 267
490 205
551 84
435 247
432 195
530 212
69 231
165 191
170 126
541 277
528 132
505 205
534 219
474 275
462 124
186 250
172 190
545 248
172 141
462 217
441 242
543 184
141 240
192 80
182 80
537 180
78 78
532 226
182 76
547 263
526 174
545 275
99 221
103 226
483 250
172 80
128 80
157 275
180 246
551 85
124 244
524 234
124 238
491 207
99 72
124 82
537 211
178 91
141 230
101 236
70 89
91 70
165 192
551 107
192 246
68 223
547 85
145 232
70 130
416 261
169 79
77 77
159 273
442 241
141 241
194 79
525 233
532 226
171 191
129 82
542 184
475 273
171 139
169 126
462 124
537 179
505 206
539 276
552 263
534 218
547 263
527 131
462 221
534 236
124 238
552 84
126 243
547 251
186 251
482 251
430 251
124 82
179 92
102 226
169 174
534 246
527 171
179 246
534 211
194 246
144 231
99 221
164 191
418 261
534 212
167 173
170 188
483 253
146 232
525 229
531 226
447 241
525 131
134 226
441 241
534 235
170 128
504 206
137 241
459 220
534 217
459 122
418 259
465 238
176 92
447 217
522 176
468 226
540 122
492 182
492 212
504 179
101 226
429 250
185 250
379 256
459 241
134 92
161 191
98 217
494 243
505 179
458 240
136 240
440 236
462 121
157 171
168 125
146 232
136 225
404 243
458 218
444 218
125 218
505 204
494 193
487 197
168 186
412 182
171 243
182 243
490 179
440 150
519 171
164 171
175 168
490 136
125 171
125 132
447 240
136 182
