539 220
524 248
546 252
443 244
240 45
482 251
583 259
547 107
479 277
545 183
37 47
94 47
529 171
46 54
78 49
84 49
168 245
144 242
162 57
58 205
69 39
173 196
103 223
168 192
97 69
591 208
190 82
230 53
127 242
36 191
183 82
585 212
233 36
525 227
142 244
123 31
167 247
35 56
101 225
537 225
73 227
79 227
176 82
48 60
83 77
192 82
103 229
102 235
185 81
534 231
228 63
537 221
543 279
431 252
90 44
73 44
549 232
144 229
527 233
77 44
122 244
59 218
32 198
67 227
31 45
140 246
44 191
67 222
189 247
101 240
93 239
550 261
593 211
56 209
487 237
69 232
38 140
594 208
42 241
540 183
232 32
206 248
125 33
565 107
588 250
60 48
33 101
501 240
431 195
118 196
118 79
510 271
50 172
34 197
38 195
535 183
40 59
59 200
599 249
434 254
460 126
132 126
252 47
42 43
587 219
464 216
241 54
52 174
48 85
412 258
229 52
534 230
529 171
94 46
37 46
240 44
442 243
168 192
182 246
168 244
57 204
536 220
189 247
512 274
228 62
122 243
537 213
192 247
128 81
45 54
102 235
102 228
97 69
69 39
548 232
51 49
91 43
78 44
171 193
524 235
585 212
44 190
526 232
166 247
82 78
103 223
184 80
109 224
68 45
182 81
531 223
546 183
190 81
175 82
100 224
48 60
535 182
549 260
67 222
536 225
474 279
591 207
100 240
60 48
546 252
523 248
144 229
478 276
126 241
84 48
432 252
144 241
543 277
172 124
482 250
525 226
546 262
58 219
537 272
538 282
459 124
246 277
398 271
560 84
38 140
592 211
540 183
252 46
70 130
464 216
138 246
55 208
172 144
48 85
565 85
470 274
429 198
79 226
433 199
491 246
535 220
534 228
525 228
253 44
180 92
56 205
103 223
100 239
70 131
95 46
103 226
548 233
172 125
535 224
60 47
181 246
70 89
144 230
535 181
482 250
545 233
67 46
174 82
129 82
473 277
165 246
432 252
528 171
190 80
182 80
544 276
532 223
100 223
67 221
82 77
545 184
413 257
125 240
479 275
396 267
228 51
192 247
59 220
172 141
512 273
463 217
459 123
142 240
547 250
527 233
69 231
141 227
547 84
96 70
531 213
547 263
69 64
432 198
227 61
167 191
122 243
171 192
48 59
504 204
443 243
524 236
398 270
132 126
586 211
125 83
538 252
244 277
509 272
322 303
172 139
540 276
186 250
533 219
540 279
442 241
143 240
191 79
183 79
81 77
533 228
533 224
103 224
463 217
504 203
226 62
535 179
171 191
542 183
100 221
127 81
172 81
191 247
69 62
475 278
124 238
169 143
544 248
459 122
482 250
535 210
101 236
432 252
179 91
412 257
172 126
527 172
546 262
96 70
67 222
69 65
416 260
58 219
55 53
139 226
549 107
323 302
124 82
122 243
145 229
70 88
546 233
399 271
523 235
70 131
544 274
551 84
490 205
395 267
432 195
435 247
165 191
530 212
534 219
541 277
532 226
141 240
192 80
182 80
528 132
78 78
182 76
543 184
537 180
462 242
172 138
416 261
99 72
526 174
547 263
483 250
186 250
545 248
551 107
99 221
462 124
192 246
68 223
180 246
170 190
165 192
128 80
172 80
157 275
474 275
505 205
124 244
124 82
91 70
441 242
545 275
491 207
124 238
101 236
547 85
551 85
103 226
537 211
70 130
70 89
524 234
145 232
178 91
462 217
141 230
171 126
77 77
159 273
537 179
542 184
194 79
505 206
171 141
534 218
527 131
547 263
462 221
532 226
534 236
462 124
141 241
442 241
539 276
186 251
547 251
482 251
129 82
552 263
475 273
171 191
552 84
164 191
124 238
126 243
179 246
525 233
169 79
534 211
124 82
102 226
194 246
144 231
430 251
179 92
534 246
169 174
527 171
552 106
418 261
170 140
137 241
167 188
525 131
531 226
534 235
525 229
98 217
379 256
146 232
441 241
465 238
418 259
447 241
468 226
459 241
167 173
134 226
101 226
522 176
459 122
540 122
170 125
459 220
534 217
447 217
534 212
492 212
504 179
185 250
492 182
483 253
429 250
176 92
504 206
134 92
125 132
136 240
440 236
146 232
462 121
136 225
168 125
458 218
444 218
505 204
494 193
168 136
168 186
157 171
458 240
447 240
519 171
164 171
487 197
490 179
505 179
490 136
171 243
125 218
412 182
182 243
175 168
440 150
125 171
404 243
494 243
