[-0.185788, -0.98259, 308.35]
[-0.490402, 0.871496, 90.7691]
[-0.995156, -0.0983098, 573.783]
[-0.77383, -0.633393, 562.403]
[-0.234661, 0.972077, -72.4033]
[0.773201, -0.63416, -297.524]
[-0.66183, -0.749654, 524.398]
[0.28579, -0.958292, 41.1007]
[-0.707059, -0.707155, 540.674]
[-0.994107, -0.108408, 575.307]
[0.913733, -0.406316, -423.204]
[0.406068, -0.913843, -35.0451]
[-0.987009, -0.160663, 582.267]
[-0.704237, -0.709965, 539.692]
[-0.736481, -0.676458, 550.626]
[-0.996929, -0.0783152, 570.596]
[-0.630043, -0.77656, 512.341]
[0.999845, -0.017594, -552.202]
[-0.644177, -0.764876, 517.761]
[0.793579, -0.608468, -314.215]
[0.29949, -0.9541, 32.6093]
[0.416729, -0.909031, -41.9769]
[-0.00558877, 0.999984, -205.582]
[0.997243, 0.0741999, -569.912]
[-0.999471, -0.0325111, 562.451]
[-0.401964, 0.915655, 32.3856]
[0.194481, -0.980906, 96.584]
[0.895153, -0.445759, -404.642]
[-0.733533, -0.679654, 549.654]
[-0.812024, -0.583624, 573.251]
[0.95486, -0.297055, -468.871]
[0.916628, -0.399741, -426.186]
[-0.987577, -0.157134, 581.846]
[-0.622058, 0.782971, 182.439]
[0.884655, -0.466246, -394.531]
[-0.0313079, 0.99951, -191.184]
[-0.565939, 0.824447, 142.583]
[-0.999996, -0.00286346, 556.555]
[-0.998675, -0.0514694, 565.964]
[-0.588657, -0.808383, 495.973]
[-0.5956, -0.803281, 498.769]
[-0.995336, -0.096465, 573.499]
[0.0317412, 0.999496, -226.234]
[-0.314143, 0.949376, -23.4765]
[-0.588719, -0.808338, 495.998]
[0.9979, 0.0647749, -568.31]
[0.0138651, 0.999904, -216.381]
[-0.732987, -0.680243, 549.473]
[0.990667, 0.136304, -579.217]
[0.446963, -0.894552, -61.8074]
[0.893872, -0.448323, -403.395]
[-0.587302, -0.809368, 495.426]
[-0.617774, -0.786356, 507.564]
[0.935819, -0.352482, -446.717]
[-0.975524, -0.219892, 588.242]
[-0.987229, -0.159305, 582.106]
[-0.69486, -0.719145, 536.394]
[-0.10107, 0.994879, -151.433]
[-0.996926, -0.0783534, 570.602]
[-0.621404, -0.78349, 508.984]
[0.94777, -0.318954, -460.359]
[-0.998768, -0.0496239, 565.631]
[0.999949, -0.0101145, -553.821]
[-0.741279, -0.671197, 552.195]
[-0.995697, -0.0926665, 572.907]
[0.605496, -0.795848, -170.544]
[-0.997043, -0.0768439, 570.353]
[-0.999595, -0.0284745, 561.677]
[-0.99588, -0.0906803, 572.594]
[-0.988799, 0.149257, 518.584]
[-0.714947, -0.699179, 543.395]
[0.943066, -0.332606, -454.894]
[-0.262221, 0.965008, -55.6057]
[0.88997, -0.456019, -399.62]
[-0.582081, 0.813131, 153.92]
[-0.385198, 0.922834, 21.566]
[0.958169, -0.286202, -472.975]
[-0.965838, -0.259145, 591.049]
[-0.588866, -0.80823, 496.058]
[-0.979187, -0.202958, 586.745]
[0.960768, -0.277353, -476.267]
[0.928267, -0.371915, -438.463]
[-0.530724, 0.847545, 118.185]
[-0.588857, -0.808237, 496.054]
[0.999383, 0.0351204, -562.946]
[-0.627491, -0.778624, 511.353]
[-0.114609, -0.993411, 271.036]
[-0.625236, -0.780436, 510.477]
[-0.990719, -0.135929, 579.167]
[-0.895029, 0.446008, 404.522]
[-0.58668, -0.809819, 495.174]
[-0.997475, -0.0710153, 569.377]
[-0.771047, -0.636779, 561.562]
[-0.999387, -0.0350077, 562.925]
[0.895726, -0.444606, -405.202]
[-0.653695, 0.756758, 205.499]
[-0.554928, 0.831898, 134.907]
[-0.101857, 0.994799, -150.979]
[0.423045, -0.906109, -46.0976]
[-0.573808, -0.81899, 489.931]
[-0.329615, 0.944115, -13.7769]
[-0.989427, 0.145028, 519.816]
[-0.983359, -0.181671, 584.622]
[-0.078581, 0.996908, -164.359]
[-0.0244819, 0.9997, -195.019]
[-0.0971194, 0.995273, -153.711]
[-0.712918, -0.701247, 542.699]
[0.939162, -0.343473, -450.456]
[-0.9946, 0.103781, 531.3]
[-0.980193, -0.198047, 586.279]
[0.942031, 0.335525, -593.753]
[-0.57812, -0.815952, 491.695]
[-0.577611, -0.816312, 491.487]
[0.202528, 0.979277, -316.965]
[0.119578, 0.992825, -273.676]
[0.0876589, 0.996151, -256.624]
[-0.678537, 0.734567, 223.941]
[0.249849, -0.968285, 63.1676]
[-0.678906, -0.734225, 530.672]
[-0.982441, -0.186575, 585.135]
[-0.999777, 0.021127, 551.427]
[-0.753653, -0.657272, 556.169]
[0.908522, -0.417838, -417.902]
[-0.0656177, 0.997845, -171.762]
[-0.980215, -0.197937, 586.268]
[0.977908, -0.209037, -500.053]
[-0.402465, 0.915435, 32.7101]
[0.997899, -0.0647902, -541.271]
[-0.965352, -0.260951, 591.156]
[-0.999157, -0.0410573, 564.06]
[0.627456, 0.778652, -511.339]
[-0.610547, 0.79198, 174.16]
[-0.621278, -0.78359, 508.935]
[-0.999588, -0.0286942, 561.719]
[0.966849, -0.255349, -484.24]
[-0.995068, -0.0991998, 573.92]
[0.151081, -0.988521, 122.302]
[-0.327029, 0.945014, -15.4021]
[-0.99992, -0.012646, 558.555]
[-0.0976004, 0.995226, -153.434]
[0.999836, -0.0180967, -552.092]
[-0.979405, -0.201907, 586.646]
[-0.961417, -0.275095, 591.92]
[-0.585114, -0.810951, 494.539]
[-0.607898, -0.794015, 503.672]
[-0.992856, -0.119317, 576.889]
[-0.996694, -0.081241, 571.077]
[-0.989633, 0.143617, 520.225]
[0.0759513, 0.997112, -250.316]
[0.943145, -0.332381, -454.985]
[0.0684878, -0.997652, 170.126]
[-0.521785, 0.853077, 112.06]
[0.972262, 0.233894, -589.351]
[-0.990138, 0.140098, 521.24]
[-0.998302, 0.0582533, 542.859]
[-0.718, -0.696043, 544.438]
[0.147993, 0.988988, -288.673]
[-0.589793, -0.807555, 496.432]
[-0.024368, -0.999703, 222.178]
[-0.399336, 0.916805, 30.6843]
[0.942182, -0.335102, -453.882]
[-0.101664, 0.994819, -151.09]
[0.6521, -0.758133, -204.325]
[0.00913064, 0.999958, -213.76]
[-0.535427, 0.844581, 121.418]
[-0.999885, -0.0151777, 559.063]
[-0.682395, -0.730983, 531.935]
[0.980718, -0.195427, -504.456]
[-0.999857, -0.0168961, 559.407]
[0.516385, -0.856356, -108.375]
[-0.637675, -0.770305, 515.279]
[0.918349, -0.395772, -427.971]
[-0.999995, 0.00305972, 555.319]
[-0.996577, -0.0826672, 571.309]
[0.91029, -0.413971, -419.692]
[-0.963101, -0.269139, 591.613]
[-0.998735, 0.0502771, 544.764]
[-0.993169, -0.116681, 576.513]
[-0.0688462, 0.997627, -169.922]
[-0.00355158, 0.999994, -206.717]
[-0.602362, -0.798223, 501.472]
[-0.998123, -0.061242, 567.697]
[-0.101007, 0.994886, -151.47]
[-0.999322, -0.0368154, 563.266]
[-0.99627, -0.0862957, 571.895]
[-0.998389, 0.0567421, 543.223]
[0.014857, 0.99989, -216.929]
[-0.991458, 0.130424, 523.993]
[-0.609546, -0.792751, 504.324]
[-0.641382, -0.767222, 516.696]
[-0.996611, -0.0822625, 571.243]
[-0.494646, 0.869094, 93.6301]
[-0.921509, -0.388358, 593.369]
[-0.128973, 0.991648, -135.246]
[-0.538507, -0.842621, 475.237]
[-0.775812, -0.630965, 562.998]
[-0.952268, 0.305263, 465.717]
[0.941983, 0.335661, -593.755]
[-0.93555, 0.353195, 446.419]
[-0.397903, 0.917428, 29.7577]
[0.867279, 0.497822, -586.064]
[-0.994914, -0.100732, 574.154]
[-0.648991, -0.760796, 519.586]
[-0.998765, -0.049674, 565.64]
[-0.648954, -0.760828, 519.572]
[-0.528355, 0.849024, 116.559]
[-0.685811, -0.727779, 533.166]
[0.0194003, 0.999812, -219.439]
[-0.574289, -0.818653, 490.128]
[-0.997596, -0.0692956, 569.085]
[-0.642388, -0.76638, 517.08]
[-0.58774, -0.80905, 495.603]
[-0.297061, 0.954858, -34.1177]
[0.0283106, 0.999599, -224.348]
[-0.610362, -0.792122, 504.647]
[-0.996964, 0.0778646, 538.022]
[-0.994153, -0.107978, 575.244]
[-0.971676, -0.236318, 589.531]
[-0.992447, -0.12267, 577.361]
[-0.999759, 0.0219502, 551.245]
[-0.148959, 0.988843, -123.549]
[-0.0060311, 0.999982, -205.336]
[-0.998524, -0.0543172, 566.475]
[0.902354, 0.430996, -591.618]
[-0.534111, -0.845415, 473.376]
[-0.577298, -0.816534, 491.359]
[-0.996399, -0.0847902, 571.653]
[-0.962361, -0.271775, 591.751]
[-0.988847, 0.148933, 518.678]
[-0.996044, -0.0888638, 572.306]
[-0.622324, -0.78276, 509.343]
[-0.988418, 0.151756, 517.85]
[-0.998152, -0.0607689, 567.614]
[-0.551018, -0.834493, 480.496]
[-0.501517, -0.865148, 459.373]
[-0.997546, 0.0700194, 539.983]
[-0.976375, -0.216083, 587.92]
[-0.559641, -0.828735, 484.089]
[-0.978657, -0.205501, 586.981]
[-0.967545, -0.252699, 590.653]
[-0.994901, 0.100859, 532.076]
[-0.998413, -0.0563148, 566.83]
[-0.995926, -0.0901703, 572.513]
[-0.163279, 0.98658, -115.115]
[-0.987405, -0.158214, 581.976]
[0.594491, -0.804102, -162.703]
[0.995915, -0.0902927, -534.846]
[-0.628465, -0.777838, 511.73]
[0.937053, 0.349188, -593.837]
[0.967568, -0.252611, -485.211]
